1. -3.
-0.12500004 -2.7046876 
0.85937506 -2.4218335 
-1.9532426e-03 -2.1509125e+00
0.75170904 -1.8914208 
0.0922546 -1.6428765
0.66927725 -1.4048177 
0.16438243 -1.1768019 
0.60616535 -0.95840555
0.2196053 -0.7492228
0.5578454  -0.54886496
0.2618853 -0.3569597
0.5208504  -0.17315045
0.29425588 0.00290434
0.4925261  0.17153183
0.31903967 0.33304533
0.47084028 0.487745  
0.33801478 0.63591826
0.45423704 0.77784044
0.3525426 0.9137753
0.44152522 1.0439755 
0.36366543 1.1686828 
0.43179274 1.288129  
0.37218136 1.402536  
0.4243413 1.5121166
0.37870136 1.6170741 
0.41863632 1.7176038 
0.38369322 1.8138924 
0.41426843 1.9061188 
0.3875151 1.9944544
0.41092432 2.0790634 
0.39044118 2.1601028 
0.40836397 2.2377236 
0.39268154 2.3120697 
0.40640363 2.3832793 
0.3943968 2.4514847
0.40490282 2.5168126 
0.39571   2.5793846
0.40375376 2.6393168 
0.39671546 2.6967206 
0.402874  2.7517028
0.39748526 2.8043654 
0.4022004 2.8548062
0.39807463 2.903119  
0.4016847 2.9493937
0.39852586 2.9937162 
0.40128988 3.0361688 
0.39887133 3.0768304 
0.4009876 3.1157765
0.3991359 3.1530797
0.40075612 3.1888092 
0.3993384 3.2230313
0.40057892 3.2558095 
0.39949343 3.287205  
0.40044326 3.317276  
0.39961213 3.3460784 
0.40033937 3.3736658 
0.39970306 3.4000893 
0.40025985 3.425398  
0.39977258 3.449639  
0.40019897 3.4728575 
0.39982587 3.4950962 
0.4001524 3.5163968
0.39986664 3.5367987 
0.4001167 3.55634  
0.39989784 3.5750568 
0.4000894 3.5929842
0.39992177 3.610155  
0.40006846 3.6266017 
0.39994007 3.6423545 
0.40005246 3.6574426 
0.3999541 3.6718943
0.40004018 3.6857362 
0.3999648 3.6989942
0.4000308 3.7116928
0.39997303 3.7238557 
0.4000236 3.7355056
0.39997935 3.746664  
0.40001807 3.7573516 
0.39998418 3.7675884 
0.40001386 3.7773933 
0.39998785 3.7867846 
0.40001065 3.7957797 
0.3999907 3.8043952
0.40000814 3.8126473 
0.39999285 3.8205514 
0.40000626 3.828122  
0.39999455 3.835373  
0.40000474 3.842318  
0.3999958 3.8489702
0.40000367 3.8553417 
0.3999968 3.8614445
0.40000284 3.8672898 
0.39999747 3.8728886 
0.4000022 3.878251 
0.3999981 3.8833873
0.40000167 3.8883069 
0.39999855 3.893019  
0.4000013 3.8975322
0.39999887 3.901855  
0.400001  3.9059956
0.3999991 3.9099615
0.40000078 3.91376   
0.39999935 3.9173982 
0.40000057 3.920883  
0.3999995 3.9242208
0.40000045 3.9274178 
0.39999956 3.9304798 
0.40000036 3.9334126 
0.39999965 3.9362216 
0.40000033 3.9389122 
0.3999997 3.9414892
0.40000024 3.9439576 
0.3999998 3.946322 
0.40000015 3.9485865 
0.3999999 3.9507554
0.40000013 3.952833  
0.39999986 3.9548228 
0.40000013 3.9567287 
0.39999986 3.9585543 
0.40000013 3.9603028 
0.39999986 3.9619775 
0.40000013 3.9635816 
0.39999986 3.965118  
0.40000013 3.9665895 
0.39999986 3.967999  
0.40000013 3.969349  
0.39999986 3.970642  
0.40000013 3.9718807 
0.39999986 3.973067  
0.40000013 3.9742033 
0.39999986 3.9752917 
0.40000013 3.976334  
0.39999986 3.9773326 
0.40000013 3.978289  
0.39999986 3.979205  
0.40000013 3.9800823 
0.39999986 3.9809225 
0.40000013 3.9817274 
0.39999986 3.9824982 
0.40000013 3.9832366 
0.39999986 3.9839437 
0.40000013 3.984621  
0.39999986 3.9852698 
0.40000013 3.985891  
0.39999986 3.9864864 
0.40000013 3.9870565 
0.39999986 3.9876025 
0.40000013 3.9881256 
0.39999986 3.9886265 
0.40000013 3.9891064 
0.39999986 3.989566  
0.40000013 3.9900062 
0.39999986 3.9904277 
0.40000013 3.9908316 
0.39999986 3.9912183 
0.40000013 3.9915888 
0.39999986 3.9919436 
0.40000013 3.9922836 
0.39999986 3.992609  
0.40000013 3.9929209 
0.39999986 3.9932196 
0.40000013 3.9935057 
0.39999986 3.9937797 
0.40000013 3.9940422 
0.39999986 3.9942935 
0.40000013 3.9945343 
0.39999986 3.9947648 
0.40000013 3.9949856 
0.39999986 3.995197  
0.40000013 3.9953997 
0.39999986 3.9955938 
0.40000013 3.9957798 
0.39999986 3.9959579 
0.40000013 3.9961283 
0.39999986 3.9962916 
0.40000013 3.996448  
0.39999986 3.996598  
0.40000013 3.9967415 
0.39999986 3.996879  
0.40000013 3.9970107 
0.39999986 3.9971368 
0.40000013 3.9972577 
0.39999986 3.9973733 
0.40000013 3.9974842 
0.39999986 3.9975903 
0.40000013 3.9976919 
0.39999986 3.9977891 
0.40000013 3.9978824 
0.39999986 3.9979718 
0.40000013 3.9980574 
0.39999986 3.9981394 
0.40000013 3.9982178 
0.39999986 3.998293  
0.40000013 3.998365  
0.39999986 3.9984338 
0.40000013 3.9984999 
0.39999986 3.998563  
0.40000013 3.9986236 
0.39999986 3.9986818 
0.40000013 3.9987373 
